***     BLOCK   I:      ATMOSPHERIC     INFORMATION     ************************************************************************1 
*                                                                                                                               2 
*                                                                                                                               3 
*       Dedelow lysimeter_Dd_1-5        daily                                                                                   4 
*                                                                                                                               5 
*                                                                                                                               6 
*       -----------------------------------------------------------------------------------------------------------             7 
*	tInit	lSurf   lchBCatm         	                 								8
         0        t      t                                                                                                      9
*       -----------------------------------------------------------------------------------------------------------             10 
*       Time    Prec    Evap    rRoot   hCritA  rB      hB      hT      TT      TB      Plantin ET0     Tmin    Tmax    Rad     11 
*       [T]     [L/T]   [L/T]   [L/T]   [L]     [L/T]   [L]     [L]     [C]     [C]     [M]     [mm/T]  [C]     [C]     [J/L2/T]12 
1       0.005   0       0       -100000 0       -850.0  0       20.4    9.8     0       4.53    12.9    27.9    2243    0.0   0.0   0.0   0.0   3.761e-11   1.201e-09
2       1.853   0       0       -100000 0       -850.0  0       22.55   9.8     0       2.828   16.4    28.7    1429    0.0   0.0   0.0   0.0   3.761e-11   1.201e-09
3       2.379   0       0       -100000 0       -850.0  0       23.45   9.8     0       4.075   17.3    29.6    2163    0.0   0.0   0.0   0.0   3.761e-11   1.201e-09
4       0.028   0       0       -100000 0       -850.0  0       21.35   9.8     0       2.393   18.3    24.4    1189    0.0   0.0   0.0   0.0   3.761e-11   1.201e-09
5       0.004   0       0       -100000 0       -850.0  0       19.7    9.8     0       2.78    15.4    24      1380    0.0   0.0   0.0   0.0   3.761e-11   1.201e-09
6       0.000   0       0       -100000 0       -850.0  0       18.9    9.8     0       3.228   12.7    25.1    1748    0.0   0.0   0.0   0.0   3.761e-11   1.201e-09
7       0.207   0       0       -100000 0       -850.0  0       18.65   9.8     0       3.165   11      26.3    1716    0.0   0.0   0.0   0.0   3.761e-11   1.201e-09
8       0.005   0       0       -100000 0       -850.0  0       20.45   9.8     0       3.501   14.4    26.5    2036    0.0   0.0   0.0   0.0   3.761e-11   1.201e-09
9       0.035   0       0       -100000 0       -850.0  0       20.95   9.8     0       3.384   13.2    28.7    1633    0.0   0.0   0.0   0.0   3.761e-11   1.201e-09
10      0.275   0       0       -100000 0       -797.1  0       19.1    9.8     0.000018        2.776   11.5    26.7    1220    0.0   0.0   0.0   0.0   3.761e-11   1.201e-09
11      0.613   0       0       -100000 0       -732.5  0       17.9    9.8     0       3.721   12.9    22.9    2067    0.0   0.0   0.0   0.0   3.761e-11   1.201e-09
12      0.161   0       0       -100000 0       -674.2  0       16.25   9.8     0       2.411   10.8    21.7    1254    0.0   0.0   0.0   0.0   3.761e-11   1.201e-09
13      0.343   0       0       -100000 0       -618.2  0       17.15   9.8     0       3.412   9.4     24.9    1763    0.0   0.0   0.0   0.0   3.761e-11   1.201e-09
14      0.483   0       0       -100000 0       -564.9  0       18.2    9.8     0       3.334   13.9    22.5    1948    0.0   0.0   0.0   0.0   3.761e-11   1.201e-09
15      0.499   0       0       -100000 0       -508.7  0       17.05   9.8     0       2.717   12.9    21.2    1583    0.0   0.0   0.0   0.0   3.761e-11   1.201e-09
16      0.403   0       0       -100000 0       -454.6  0       16      9.8     0       2.626   12.2    19.8    1613    0.0   0.0   0.0   0.0   3.761e-11   1.201e-09
17      0.000   0       0       -100000 0       -404.0  0       16.35   9.8     0       2.232   12.7    20      909    0.0   0.0   0.0   0.0   3.761e-11   1.201e-09
18      0.130   0       0       -100000 0       -351.3  0       16.85   9.8     0       3.109   13.2    20.5    1686    0.0   0.0   0.0   0.0   3.761e-11   1.201e-09
19      0.358   0       0       -100000 0       -296.8  0       15.55   9.8     0       2.854   11.3    19.8    1637    0.0   0.0   0.0   0.0   3.761e-11   1.201e-09
20      0.020   0       0       -100000 0       -301.1  0       14.7    9.8     0       2.304   10.2    19.2    1310    0.0   0.0   0.0   0.0   3.761e-11   1.201e-09
21      0.003   0       0       -100000 0       -315.2  0       13      9.8     0       2.748   6.9     19.1    1761    0.0   0.0   0.0   0.0   3.761e-11   1.201e-09
22      0.000   0       0       -100000 0       -318.0  0       13.25   9.8     0       2.704   6       20.5    1475    0.0   0.0   0.0   0.0   3.761e-11   1.201e-09
23      0.003   0       0       -100000 0       -324.9  0       14.9    9.8     0       2.868   10.3    19.5    1696    0.0   0.0   0.0   0.0   3.761e-11   1.201e-09
24      0.032   0       0       -100000 0       -326.3  0       14.1    9.8     0       2.855   9.8     18.4    1702    0.0   0.0   0.0   0.0   3.761e-11   1.201e-09
25      0.012   0       0       -100000 0       -334.5  0       13.1    9.8     0       2.757   8       18.2    1646    0.0   0.0   0.0   0.0   3.761e-11   1.201e-09
26      0.009   0       0       -100000 0       -344.0  0       11.55   9.8     0       2.674   4.8     18.3    1711    0.0   0.0   0.0   0.0   3.761e-11   1.201e-09
27      0.068   0       0       -100000 0       -351.7  0       14      9.8     0       3.03    8.2     19.8    1922    0.0   0.0   0.0   0.0   3.761e-11   1.201e-09
28      0.003   0       0       -100000 0       -362.5  0       14.2    9.8     0       3.373   6.7     21.7    1903    0.0   0.0   0.0   0.0   3.761e-11   1.201e-09
29      0.565   0       0       -100000 0       -367.5  0       14.8    9.8     0       1.637   7.5     22.1    861    0.0   0.0   0.0   0.0   3.761e-11   1.201e-09
30      0.118   0       0       -100000 0       -368.0  0       15.35   9.8     0       2.008   8.9     21.8    1123    0.0   0.0   0.0   0.0   3.761e-11   1.201e-09
31      0.663   0       0       -100000 0       -375.0  0       14.25   9.8     0       0.992   11.8    16.7    719    0.0   0.0   0.0   0.0   3.761e-11   1.201e-09
32      2.077   0       0       -100000 0       -386.7  0       14.7    9.8     0       0.732   12      17.4    492    0.0   0.0   0.0   0.0   3.761e-11   1.201e-09
33      0.050   0       0       -100000 0       -393.0  0       14.75   9.8     0       2.85    10.4    19.1    1962    0.0   0.0   0.0   0.0   3.761e-11   1.201e-09
34      0.001   0       0       -100000 0       -401.8  0       15.5    9.8     0       3.202   10.4    20.6    1972    0.0   0.0   0.0   0.0   3.761e-11   1.201e-09
35      0.002   0       0       -100000 0       -402.0  0       15.1    9.8     0       3.11    8.2     22      1899    0.0   0.0   0.0   0.0   3.761e-11   1.201e-09
36      0.002   0       0       -100000 0       -399.3  0       17.6    9.8     0       3.124   10.7    24.5    1765    0.0   0.0   0.0   0.0   3.761e-11   1.201e-09
37      0.001   0       0       -100000 0       -399.7  0       17.4    9.8     0       3.183   9.5     25.3    1787    0.0   0.0   0.0   0.0   3.761e-11   1.201e-09
38      1.791   0       0       -100000 0       -398.7  0       17.7    9.8     0       1.976   11.3    24.1    1171    0.0   0.0   0.0   0.0   3.761e-11   1.201e-09
39      0.000   0       0       -100000 0       -403.1  0       17.3    9.8     0       2.572   12.6    22      1532    0.0   0.0   0.0   0.0   3.761e-11   1.201e-09
40      0.005   0       0       -100000 0       -406.0  0       14.25   9.8     0       2.234   9.8     18.7    1333    0.0   0.0   0.0   0.0   3.761e-11   1.201e-09
41      0.519   0       0       -100000 0       -404.0  0       14.6    9.8     0       1.691   10.4    18.8    1080    0.0   0.0   0.0   0.0   3.761e-11   1.201e-09
42      0.008   0       0       -100000 0       -399.3  0       12.55   9.8     0       1.914   8.5     16.6    1528    0.0   0.0   0.0   0.0   3.761E-11   1.201E-09 
43      0.011   0       0       -100000 0       -391.6  0       14.75   9.8     0       1.252   12.3    17.2    814    0.0   0.0   0.0   0.0   3.761E-11   1.201E-09 
44      0.012   0       0       -100000 0       -382.6  0       17.45   9.8     0       0.844   16.3    18.6    382    0.0   0.0   0.0   0.0   3.761E-11   1.201E-09 
45      1.911   0       0       -100000 0       -371.4  0       16.95   9.8     0       1.087   13.8    20.1    588    0.0   0.0   0.0   0.0   3.761E-11   1.201E-09 
46      0.002   0       0       -100000 0       -362.5  0       18.2    9.8     0       2.637   11.9    24.5    1376    0.0   0.0   0.0   0.0   3.761E-11   1.201E-09 
47      0.009   0       0       -100000 0       -350.1  0       16.75   9.8     0       2.611   10.8    22.7    1524    0.0   0.0   0.0   0.0   3.761E-11   1.201E-09 
48      0.022   0       0       -100000 0       -337.9  0       15.55   9.8     0       2.587   9.4     21.7    1592    0.0   0.0   0.0   0.0   3.761E-11   1.201E-09 
49      0.041   0       0       -100000 0       -327.6  0       17.15   9.8     0       2.582   11.3    23      1438    0.0   0.0   0.0   0.0   3.761E-11   1.201E-09 
50      0.008   0       0       -100000 0       -317.4  0       15.75   9.8     0       2.311   8.8     22.7    1477    0.0   0.0   0.0   0.0   3.761E-11   1.201E-09 
51      0.503   0       0       -100000 0       -307.4  0       16      9.8     0       2.082   9.4     22.6    1357    0.0   0.0   0.0   0.0   3.761E-11   1.201E-09 
52      0.374   0       0       -100000 0       -296.1  0       15.05   9.8     0       1.365   11.5    18.6    909    0.0   0.0   0.0   0.0   3.761E-11   1.201E-09 
53      0.145   0       0       -100000 0       -291.0  0       12      9.8     0       1.436   9.4     14.6    872    0.0   0.0   0.0   0.0   3.761E-11   1.201E-09 
54      0.000   0       0       -100000 0       -288.2  0       9.3     9.8     0       2.174   5.5     13.1    1477    0.0   0.0   0.0   0.0   3.761E-11   1.201E-09 
55      0.022   0       0       -100000 0       -292.5  0       11.35   9.8     0       1.476   7.5     15.2    859    0.0   0.0   0.0   0.0   1.411E-11   2.029E-09 
56      0.293   0       0       -100000 0       -294.1  0       12.9    9.8     0       1.41    8.7     17.1    788    0.0   0.0   0.0   0.0   1.411E-11   2.029E-09 
57      0.052   0       0       -100000 0       -294.6  0       13.45   9.8     0       0.72    11.2    15.7    458    0.0   0.0   0.0   0.0   1.411E-11   2.029E-09 
58      0.014   0       0       -100000 0       -295.2  0       12.85   9.8     0       2.101   8.4     17.3    1353    0.0   0.0   0.0   0.0   1.411E-11   2.029E-09 
59      0.000   0       0       -100000 0       -291.9  0       12.15   9.8     0       1.975   5.7     18.6    1256    0.0   0.0   0.0   0.0   1.411E-11   2.029E-09 
60      0.025   0       0       -100000 0       -291.7  0       14.25   9.8     0       1.633   7.8     20.7    1118    0.0   0.0   0.0   0.0   1.411E-11   2.029E-09 
61      1.352   0       0       -100000 0       -293.0  0       14.3    9.8     0       0.499   13.3    15.3    358    0.0   0.0   0.0   0.0   1.411E-11   2.029E-09 
62      0.000   0       0       -100000 0       -298.9  0       14.55   9.8     0       0.892   10.9    18.2    658    0.0   0.0   0.0   0.0   1.411E-11   2.029E-09 
63      0.007   0       0       -100000 0       -300.5  0       13.7    9.8     0       0.755   9.5     17.9    583    0.0   0.0   0.0   0.0   1.411E-11   2.029E-09 
64      0.009   0       0       -100000 0       -301.8  0       14.05   9.8     0       1.546   9.4     18.7    1056    0.0   0.0   0.0   0.0   1.411E-11   2.029E-09 
65      0.003   0       0       -100000 0       -302.9  0       12.3    9.8     0       1.894   7.2     17.4    1211    0.0   0.0   0.0   0.0   1.411E-11   2.029E-09 
66      0.002   0       0       -100000 0       -302.4  0       10.95   9.8     0       1.672   5.2     16.7    1221    0.0   0.0   0.0   0.0   1.411E-11   2.029E-09 
67      0.001   0       0       -100000 0       -300.4  0       10.65   9.8     0       1.523   4.9     16.4    996    0.0   0.0   0.0   0.0   1.411E-11   2.029E-09 
68      0.185   0       0       -100000 0       -301.4  0       11.3    9.8     0       0.943   7       15.6    508    0.0   0.0   0.0   0.0   1.411E-11   2.029E-09 
69      0.178   0       0       -100000 0       -306.5  0       13.1    9.8     0       1.403   9.5     16.7    921    0.0   0.0   0.0   0.0   1.411E-11   2.029E-09 
70      0.614   0       0       -100000 0       -299.5  0       16.7    9.8     0       0.902   13.6    19.8    565    0.0   0.0   0.0   0.0   1.411E-11   2.029E-09 
71      0.005   0       0       -100000 0       -294.9  0       14.95   9.8     0       1.293   11.8    18.1    885    0.0   0.0   0.0   0.0   1.411E-11   2.029E-09 
72      0.351   0       0       -100000 0       -292.5  0       12.75   9.8     0       0.581   11      14.5    465    0.0   0.0   0.0   0.0   1.411E-11   2.029E-09 
73      0.003   0       0       -100000 0       -291.5  0       11.35   9.8     0       0.986   7.5     15.2    622    0.0   0.0   0.0   0.0   1.411E-11   2.029E-09 
74      0.092   0       0       -100000 0       -289.5  0       12.6    9.8     0       0.623   7.8     17.4    428    0.0   0.0   0.0   0.0   1.411E-11   2.029E-09 
75      0.496   0       0       -100000 0       -287.9  0       12.55   9.8     0       0.431   10.3    14.8    359    0.0   0.0   0.0   0.0   1.411E-11   2.029E-09 
76      0.231   0       0       -100000 0       -289.4  0       12.5    9.8     0       0.446   9.4     15.6    335    0.0   0.0   0.0   0.0   1.411E-11   2.029E-09 
77      0.016   0       0       -100000 0       -291.6  0       10.1    9.8     0       0.701   5.4     14.8    564    0.0   0.0   0.0   0.0   1.411E-11   2.029E-09 
78      0.694   0       0       -100000 0       -289.9  0       13      9.8     0       0.631   11.3    14.7    400    0.0   0.0   0.0   0.0   1.411E-11   2.029E-09 
79      0.007   0       0       -100000 0       -286.5  0       13.85   9.8     0       0.791   12      15.7    624    0.0   0.0   0.0   0.0   1.411E-11   2.029E-09 
80      0.409   0       0       -100000 0       -287.8  0       15.6    9.8     0       1.652   10.2    21      953    0.0   0.0   0.0   0.0   1.411E-11   2.029E-09 
81      0.156   0       0       -100000 0       -282.4  0       13.1    9.8     0       1.1     10.9    15.3    661    0.0   0.0   0.0   0.0   1.411E-11   2.029E-09 
82      0.292   0       0       -100000 0       -273.0  0       12.05   9.8     0       0.583   10      14.1    379    0.0   0.0   0.0   0.0   1.411E-11   2.029E-09 
83      1.659   0       0       -100000 0       -261.5  0       10.05   9.8     0       0.506   8.3     11.8    390    0.0   0.0   0.0   0.0   1.411E-11   2.029E-09 
84      0.000   0       0       -100000 0       -250.5  0       9.55    9.8     0       0.485   8.4     10.7    392    0.0   0.0   0.0   0.0   1.411E-11   2.029E-09 
85      0.005   0       0       -100000 0       -238.8  0       6.6     9.8     0       0.506   4.9     8.3     511    0.0   0.0   0.0   0.0   1.411E-11   2.029E-09 
86      0.073   0       0       -100000 0       -225.3  0       4.9     9.8     0       0.458   3.5     6.3     568    0.0   0.0   0.0   0.0   1.411E-11   2.029E-09 
87      0.007   0       0       -100000 0       -212.6  0       9.95    9.8     0       0.739   6.3     13.6    643    0.0   0.0   0.0   0.0   1.411E-11   2.029E-09 
88      0.012   0       0       -100000 0       -200.5  0       11.15   9.8     0       0.703   6.7     15.6    522    0.0   0.0   0.0   0.0   1.411E-11   2.029E-09 
89      0.012   0       0       -100000 0       -189.8  0       6.85    9.8     0       0.864   2.8     10.9    815    0.0   0.0   0.0   0.0   1.411E-11   2.029E-09 
90      0.022   0       0       -100000 0       -183.0  0       5.5     9.8     0       0.489   2.3     8.7     388    0.0   0.0   0.0   0.0   1.411E-11   2.029E-09 
91      0.020   0       0       -100000 0       -178.5  0       7.35    9.8     0       0.734   3.3     11.4    688    0.0   0.0   0.0   0.0   1.411E-11   2.029E-09 
92      0.019   0       0       -100000 0       -174.9  0       7.75    9.8     0       0.397   3.8     11.7    377    0.0   0.0   0.0   0.0   1.411E-11   2.029E-09 
93      0.019   0       0       -100000 0       -171.5  0       11.05   9.8     0       0.512   7       15.1    584    0.0   0.0   0.0   0.0   1.411E-11   2.029E-09 
94      0.015   0       0       -100000 0       -168.2  0       11.15   9.8     0       0.604   7.8     14.5    661    0.0   0.0   0.0   0.0   1.411E-11   2.029E-09 
95      0.008   0       0       -100000 0       -164.7  0       12.9    9.8     0       0.896   8.9     16.9    549    0.0   0.0   0.0   0.0   1.411E-11   2.029E-09 
96      0.005   0       0       -100000 0       -161.0  0       11.05   9.8     0       0.573   7.4     14.7    408    0.0   0.0   0.0   0.0   1.411E-11   2.029E-09 
97      0.007   0       0       -100000 0       -157.0  0       9.15    9.8     0       0.418   6       12.3    407    0.0   0.0   0.0   0.0   1.411E-11   2.029E-09 
98      0.003   0       0       -100000 0       -152.9  0       8.1     9.8     0       0.386   6.4     9.8     311    0.0   0.0   0.0   0.0   1.411E-11   2.029E-09 
99      0.042   0       0       -100000 0       -149.2  0       7.55    9.8     0       0.502   4.5     10.6    517    0.0   0.0   0.0   0.0   1.411E-11   2.029E-09 
100     0.004   0       0       -100000 0       -145.8  0       7       9.8     0       0.599   1.4     12.6    561    0.0   0.0   0.0   0.0   1.411E-11   2.029E-09 
101     0.025   0       0       -100000 0       -142.7  0       4       9.8     0       0.367   -0.2    8.2     507    0.0   0.0   0.0   0.0   1.411E-11   2.029E-09 
102     0.058   0       0       -100000 0       -140.0  0       8       9.8     0       0.324   5.9     10.1    334    0.0   0.0   0.0   0.0   1.411E-11   2.029E-09 
103     0.027   0       0       -100000 0       -137.5  0       6.35    9.8     0       0.269   4.5     8.2     349    0.0   0.0   0.0   0.0   1.411E-11   2.029E-09 
104     0.043   0       0       -100000 0       -135.4  0       9.25    9.8     0       0.291   7.2     11.3    243    0.0   0.0   0.0   0.0   1.411E-11   2.029E-09 
105     0.002   0       0       -100000 0       -133.4  0       8.15    9.8     0       0.213   7.4     8.9     238    0.0   0.0   0.0   0.0   1.411E-11   2.029E-09 
106     0.001   0       0       -100000 0       -131.6  0       8       9.8     0       0.331   7.2     8.8     265    0.0   0.0   0.0   0.0   1.411E-11   2.029E-09 
107     0.017   0       0       -100000 0       -130.0  0       8.15    9.8     0       0.401   7.5     8.8     262    0.0   0.0   0.0   0.0   1.411E-11   2.029E-09 
108     0.027   0       0       -100000 0       -128.5  0       6.6     9.8     0       0.29    5.4     7.8     197    0.0   0.0   0.0   0.0   1.411E-11   2.029E-09 
109     0.000   0       0       -100000 0       -127.1  0       7.1     9.8     0       0.295   6.3     7.9     305    0.0   0.0   0.0   0.0   1.411E-11   2.029E-09 
110     0.008   0       0       -100000 0       -125.8  0       5.25    9.8     0       0.307   4       6.5     213    0.0   0.0   0.0   0.0   1.411E-11   2.029E-09 
111     0.005   0       0       -100000 0       -124.6  0       3.2     9.8     0       0.21    2.4     4       223    0.0   0.0   0.0   0.0   1.411E-11   2.029E-09 
112     0.054   0       0       -100000 0       -123.5  0       3.85    9.8     0       0.177   2.8     4.9     230    0.0   0.0   0.0   0.0   1.411E-11   2.029E-09 
113     0.002   0       0       -100000 0       -122.4  0       4.2     9.8     0       0.227   1.5     6.9     246    0.0   0.0   0.0   0.0   1.411E-11   2.029E-09 
114     0.014   0       0       -100000 0       -121.4  0       3.15    9.8     0       0.382   0.6     5.7     291    0.0   0.0   0.0   0.0   1.411E-11   2.029E-09 
115     0.027   0       0       -100000 0       -120.5  0       5.2     9.8     0       0.438   3.5     6.9     341    0.0   0.0   0.0   0.0   1.411E-11   2.029E-09 
116     0.617   0       0       -100000 0       -119.6  0       6.1     9.8     0       0.292   4.4     7.8     290    0.0   0.0   0.0   0.0   1.411E-11   2.029E-09 
117     0.010   0       0       -100000 0       -118.8  0       5.15    9.8     0       0.297   3.8     6.5     426    0.0   0.0   0.0   0.0   1.411E-11   2.029E-09 
118     0.011   0       0       -100000 0       -118.0  0       3.2     9.8     0       0.312   1.7     4.7     316    0.0   0.0   0.0   0.0   1.411E-11   2.029E-09 
119     0.022   0       0       -100000 0       -117.4  0       2.25    9.8     0       0.42    0.5     4       449    0.0   0.0   0.0   0.0   1.411E-11   2.029E-09 
120     0.009   0       0       -100000 0       -116.7  0       -0.15   9.8     0       0.444   -1.3    1       291    0.0   0.0   0.0   0.0   1.411E-11   2.029E-09 
121     0.000   0       0       -100000 0       -116.1  0       -2.15   9.8     0       0.458   -3.5    -0.8    476    0.0   0.0   0.0   0.0   1.411E-11   2.029E-09 
122     0.015   0       0       -100000 0       -115.5  0       -2.85   9.8     0       0.437   -4.2    -1.5    339    0.0   0.0   0.0   0.0   1.411E-11   2.029E-09 
123     0.000   0       0       -100000 0       -114.9  0       -3.85   9.8     0       0.381   -4.7    -3      299    0.0   0.0   0.0   0.0   1.411E-11   2.029E-09 
124     0.005   0       0       -100000 0       -114.3  0       -2.9    9.8     0       0.408   -3.5    -2.3    331    0.0   0.0   0.0   0.0   1.411E-11   2.029E-09 
125     0.016   0       0       -100000 0       -113.8  0       -2.15   9.8     0       0.205   -3.4    -0.9    253    0.0   0.0   0.0   0.0   1.411E-11   2.029E-09 
126     0.016   0       0       -100000 0       -113.3  0       1.05    9.8     0       0.246   -0.8    2.9     262    0.0   0.0   0.0   0.0   1.411E-11   2.029E-09 
127     0.039   0       0       -100000 0       -112.9  0       0.05    9.8     0       0.142   -2.2    2.3     210    0.0   0.0   0.0   0.0   1.411E-11   2.029E-09 
128     0.018   0       0       -100000 0       -112.5  0       2.75    9.8     0       0.194   0.7     4.8     222    0.0   0.0   0.0   0.0   1.411E-11   2.029E-09 
129     0.057   0       0       -100000 0       -112.1  0       1.15    9.8     0       0.215   -0.4    2.7     362    0.0   0.0   0.0   0.0   1.411E-11   2.029E-09 
130     0.149   0       0       -100000 0       -111.9  0       3.15    9.8     0       0.363   1.8     4.5     378    0.0   0.0   0.0   0.0   1.411E-11   2.029E-09 
131     0.022   0       0       -100000 0       -111.7  0       1.05    9.8     0       0.199   -0.9    3       242    0.0   0.0   0.0   0.0   1.411E-11   2.029E-09 
132     0.167   0       0       -100000 0       -111.5  0       1.35    9.8     0       0.311   -0.8    3.5     209    0.0   0.0   0.0   0.0   1.411E-11   2.029E-09 
133     0.171   0       0       -100000 0       -111.3  0       3       9.8     0       0.372   1.5     4.5     240    0.0   0.0   0.0   0.0   1.411E-11   2.029E-09 
134     0.639   0       0       -100000 0       -111.1  0       5.95    9.8     0       0.52    3       8.9     233    0.0   0.0   0.0   0.0   1.411E-11   2.029E-09 
135     0.019   0       0       -100000 0       -110.8  0       4.05    9.8     0       0.468   2.4     5.7     305    0.0   0.0   0.0   0.0   1.411E-11   2.029E-09 
136     0.023   0       0       -100000 0       -110.6  0       1.35    9.8     0       0.197   -0.2    2.9     284    0.0   0.0   0.0   0.0   1.411E-11   2.029E-09 
137     0.096   0       0       -100000 0       -110.5  0       2.9     9.8     0       0.341   1.4     4.4     232    0.0   0.0   0.0   0.0   1.411E-11   2.029E-09 
138     0.013   0       0       -100000 0       -110.3  0       3.95    9.8     0       0.376   2.7     5.2     240    0.0   0.0   0.0   0.0   1.411E-11   2.029E-09 
139     0.003   0       0       -100000 0       -110.2  0       2.2     9.8     0       0.288   0.7     3.7     294    0.0   0.0   0.0   0.0   5.306E-11   2.519E-09 
140     0.265   0       0       -100000 0       -109.9  0       7.05    9.8     0       0.312   3.3     10.8    234    0.0   0.0   0.0   0.0   5.306E-11   2.519E-09 
141     0.857   0       0       -100000 0       -108.2  0       7.35    9.8     0       0.596   3       11.7    218    0.0   0.0   0.0   0.0   5.306E-11   2.519E-09 
142     0.685   0       0       -100000 0       -104.1  0       4.4     9.8     0       0.649   1.8     7       273    0.0   0.0   0.0   0.0   5.306E-11   2.519E-09 
143     0.250   0       0       -100000 0       -98.6   0       4.7     9.8     0       0.603   3.4     6       319    0.0   0.0   0.0   0.0   5.306E-11   2.519E-09 
144     1.949   0       0       -100000 0       -92.6   0       7.7     9.8     0       0.479   5.7     9.7     206    0.0   0.0   0.0   0.0   5.306E-11   2.519E-09 
145     0.490   0       0       -100000 0       -87.1   0       9.15    9.8     0       0.574   8.5     9.8     212    0.0   0.0   0.0   0.0   5.306E-11   2.519E-09 
146     0.166   0       0       -100000 0       -81.8   0       6.8     9.8     0       0.589   4.3     9.3     226    0.0   0.0   0.0   0.0   5.306E-11   2.519E-09 
147     0.192   0       0       -100000 0       -76.6   0       3.2     9.8     0       0.514   0.9     5.5     215    0.0   0.0   0.0   0.0   5.306E-11   2.519E-09 
148     0.008   0       0       -100000 0       -71.6   0       -1.35   9.8     0       0.279   -4      1.3     412    0.0   0.0   0.0   0.0   5.306E-11   2.519E-09 
149     0.009   0       0       -100000 0       -66.7   0       -4.45   9.8     0       0.228   -6.8    -2.1    413    0.0   0.0   0.0   0.0   5.306E-11   2.519E-09 
150     0.110   0       0       -100000 0       -62.0   0       -3.55   9.8     0       0.308   -7.8    0.7     470    0.0   0.0   0.0   0.0   5.306E-11   2.519E-09 
151     0.220   0       0       -100000 0       -58.8   0       -6.05   9.8     0       0.225   -9.7    -2.4    327    0.0   0.0   0.0   0.0   5.306E-11   2.519E-09 
152     0.041   0       0       -100000 0       -58.2   0       -1.8    9.8     0       0.167   -4.8    1.2     252    0.0   0.0   0.0   0.0   5.306E-11   2.519E-09 
153     0.100   0       0       -100000 0       -59.1   0       2.5     9.8     0       0.209   1       4       232    0.0   0.0   0.0   0.0   1.284E-10   1.223E-08 
154     0.004   0       0       -100000 0       -60.5   0       3.25    9.8     0       0.459   2.2     4.3     250    0.0   0.0   0.0   0.0   1.284E-10   1.223E-08 
155     0.512   0       0       -100000 0       -61.0   0       5.7     9.8     0       0.881   2.7     8.7     316    0.0   0.0   0.0   0.0   1.284E-10   1.223E-08 
156     0.087   0       0       -100000 0       -61.1   0       3.55    9.8     0       0.868   2.4     4.7     267    0.0   0.0   0.0   0.0   1.284E-10   1.223E-08 
157     0.014   0       0       -100000 0       -60.8   0       2.85    9.8     0       0.775   1.3     4.4     410    0.0   0.0   0.0   0.0   1.284E-10   1.223E-08 
158     0.584   0       0       -100000 0       -59.4   0       2.25    9.8     0       0.24    0.3     4.2     232    0.0   0.0   0.0   0.0   1.284E-10   1.223E-08 
159     0.017   0       0       -100000 0       -57.1   0       -0.9    9.8     0       0.245   -2      0.2     400    0.0   0.0   0.0   0.0   1.284E-10   1.223E-08 
160     0.053   0       0       -100000 0       -54.7   0       0.75    9.8     0       0.245   -2.2    3.7     293    0.0   0.0   0.0   0.0   1.284E-10   1.223E-08 
161     0.950   0       0       -100000 0       -52.7   0       3.1     9.8     0       0.274   1.4     4.8     222    0.0   0.0   0.0   0.0   1.284E-10   1.223E-08 
162     0.953   0       0       -100000 0       -51.4   0       5.2     9.8     0       0.745   3.9     6.5     225    0.0   0.0   0.0   0.0   1.284E-10   1.223E-08 
163     0.729   0       0       -100000 0       -50.3   0       6.85    9.8     0       0.749   2.9     10.8    218    0.0   0.0   0.0   0.0   1.284E-10   1.223E-08 
164     0.311   0       0       -100000 0       -49.6   0       2.5     9.8     0       0.776   1.2     3.8     375    0.0   0.0   0.0   0.0   1.284E-10   1.223E-08 
165     0.470   0       0       -100000 0       -49.6   0       4.6     9.8     0       0.375   2.8     6.4     230    0.0   0.0   0.0   0.0   1.284E-10   1.223E-08 
166     0.038   0       0       -100000 0       -50.2   0       8.35    9.8     0       0.787   6.4     10.3    287    0.0   0.0   0.0   0.0   1.284E-10   1.223E-08 
167     0.093   0       0       -100000 0       -51.2   0       4.45    9.8     0       0.679   1.4     7.5     297    0.0   0.0   0.0   0.0   1.284E-10   1.223E-08 
168     0.234   0       0       -100000 0       -53.3   0       3.7     9.8     0       0.373   -0.5    7.9     246    0.0   0.0   0.0   0.0   1.809E-10   4.461E-08 
169     0.000   0       0       -100000 0       -56.3   0       6.3     9.8     0       0.9     3.7     8.9     481    0.0   0.0   0.0   0.0   1.809E-10   4.461E-08 
170     0.014   0       0       -100000 0       -59.6   0       1.65    9.8     0       0.401   -1.4    4.7     479    0.0   0.0   0.0   0.0   1.809E-10   4.461E-08 
171     0.011   0       0       -100000 0       -62.3   0       -0.35   9.8     0       0.276   -3.2    2.5     433    0.0   0.0   0.0   0.0   1.809E-10   4.461E-08 
172     0.017   0       0       -100000 0       -64.3   0       -1.05   9.8     0       0.211   -3      0.9     398    0.0   0.0   0.0   0.0   1.809E-10   4.461E-08 
173     0.436   0       0       -100000 0       -65.9   0       0.65    9.8     0       0.152   0.1     1.2     213    0.0   0.0   0.0   0.0   1.809E-10   4.461E-08 
174     0.000   0       0       -100000 0       -67.3   0       -2.1    9.8     0       0.163   -4.4    0.2     267    0.0   0.0   0.0   0.0   1.809E-10   4.461E-08 
175     0.023   0       0       -100000 0       -68.3   0       -2.05   9.8     0       0.168   -3.3    -0.8    272    0.0   0.0   0.0   0.0   1.809E-10   4.461E-08 
176     0.021   0       0       -100000 0       -69.0   0       -1.95   9.8     0       0.272   -4.4    0.5     514    0.0   0.0   0.0   0.0   1.809E-10   4.461E-08 
177     0.017   0       0       -100000 0       -69.5   0       -1.1    9.8     0       0.305   -2      -0.2    371    0.0   0.0   0.0   0.0   1.809E-10   4.461E-08 
178     0.042   0       0       -100000 0       -69.8   0       -0.25   9.8     0       0.29    -1.7    1.2     413    0.0   0.0   0.0   0.0   1.809E-10   4.461E-08 
179     0.390   0       0       -100000 0       -69.8   0       1.9     9.8     0       0.254   0.6     3.2     278    0.0   0.0   0.0   0.0   1.809E-10   4.461E-08 
180     0.050   0       0       -100000 0       -69.5   0       2.8     9.8     0       0.423   1.4     4.2     283    0.0   0.0   0.0   0.0   1.809E-10   4.461E-08 
181     0.447   0       0       -100000 0       -69.0   0       2.4     9.8     0       0.322   -0.3    5.1     237    0.0   0.0   0.0   0.0   1.809E-10   4.461E-08 
182     1.162   0       0       -100000 0       -68.2   0       0.65    9.8     0       0.567   -2.1    3.4     225    0.0   0.0   0.0   0.0   6.635E-11   8.109E-08 
183     0.448   0       0       -100000 0       -67.4   0       0.35    9.8     0       0.214   -0.9    1.6     120    0.0   0.0   0.0   0.0   6.635E-11   8.109E-08 
184     0.042   0       0       -100000 0       -66.5   0       -2.25   9.8     0       0.416   -4.9    0.4     403    0.0   0.0   0.0   0.0   6.635E-11   8.109E-08 
185     0.414   0       0       -100000 0       -65.8   0       -1.85   9.8     0       0.544   -4.9    1.2     543    0.0   0.0   0.0   0.0   6.635E-11   8.109E-08 
186     0.000   0       0       -100000 0       -65.1   0       0.45    9.8     0       0.567   -1.1    2       403    0.0   0.0   0.0   0.0   6.635E-11   8.109E-08 
187     0.113   0       0       -100000 0       -64.4   0       -2.05   9.8     0       0.449   -3.7    -0.4    365    0.0   0.0   0.0   0.0   6.635E-11   8.109E-08 
188     0.021   0       0       -100000 0       -63.3   0       -1.45   9.8     0       0.496   -2.9    0       347    0.0   0.0   0.0   0.0   6.635E-11   8.109E-08 
189     0.021   0       0       -100000 0       -61.9   0       -4.1    9.8     0       0.387   -7.1    -1.1    606    0.0   0.0   0.0   0.0   6.635E-11   8.109E-08 
190     0.000   0       0       -100000 0       -60.5   0       -6.3    9.8     0       0.232   -8.4    -4.2    288    0.0   0.0   0.0   0.0   6.635E-11   8.109E-08 
191     0.130   0       0       -100000 0       -58.6   0       -0.4    9.8     0       0.409   -4.3    3.5     277    0.0   0.0   0.0   0.0   6.635E-11   8.109E-08 
192     0.007   0       0       -100000 0       -57.2   0       1.35    9.8     0       1.498   -0.3    3       804    0.0   0.0   0.0   0.0   6.635E-11   8.109E-08 
193     0.173   0       0       -100000 0       -56.9   0       3.05    9.8     0       0.515   0.3     5.8     331    0.0   0.0   0.0   0.0   6.635E-11   8.109E-08 
194     0.016   0       0       -100000 0       -57.0   0       4.2     9.8     0       0.577   2.6     5.8     199    0.0   0.0   0.0   0.0   6.635E-11   8.109E-08 
195     0.009   0       0       -100000 0       -57.3   0       2.5     9.8     0       0.349   1.3     3.7     186    0.0   0.0   0.0   0.0   6.635E-11   8.109E-08 
196     0.006   0       0       -100000 0       -57.8   0       0.3     9.8     0       0.436   -1.8    2.4     283    0.0   0.0   0.0   0.0   1.006E-10   1.084E-07 
197     0.011   0       0       -100000 0       -58.5   0       -1.35   9.8     0       0.255   -3      0.3     187    0.0   0.0   0.0   0.0   1.006E-10   1.084E-07 
198     0.014   0       0       -100000 0       -59.7   0       0.05    9.8     0       0.691   -3.6    3.7     819    0.0   0.0   0.0   0.0   1.006E-10   1.084E-07 
199     0.025   0       0       -100000 0       -61.2   0       1.55    9.8     0       0.729   -2.8    5.9     696    0.0   0.0   0.0   0.0   1.006E-10   1.084E-07 
200     0.010   0       0       -100000 0       -62.9   0       -0.65   9.8     0       0.583   -1.7    0.4     170    0.0   0.0   0.0   0.0   1.006E-10   1.084E-07 
201     0.012   0       0       -100000 0       -65.3   0       0.8     9.8     0       0.89    -2.7    4.3     828    0.0   0.0   0.0   0.0   1.006E-10   1.084E-07 
202     0.056   0       0       -100000 0       -67.5   0       2.8     9.8     0       0.855   0.6     5       808    0.0   0.0   0.0   0.0   1.006E-10   1.084E-07 
203     0.022   0       0       -100000 0       -68.7   0       4.3     9.8     0       1.389   0.7     7.9     861    0.0   0.0   0.0   0.0   1.006E-10   1.084E-07 
204     0.052   0       0       -100000 0       -69.4   0       2       9.8     0       0.851   -2.4    6.4     632    0.0   0.0   0.0   0.0   1.006E-10   1.084E-07 
205     0.044   0       0       -100000 0       -69.8   0       6       9.8     0       1.7     2       10      697    0.0   0.0   0.0   0.0   1.006E-10   1.084E-07 
206     0.050   0       0       -100000 0       -70.0   0       1.85    9.8     0       0.716   -0.9    4.6     469    0.0   0.0   0.0   0.0   1.006E-10   1.084E-07 
207     0.132   0       0       -100000 0       -70.0   0       1.95    9.8     0       0.716   -1      4.9     315    0.0   0.0   0.0   0.0   1.006E-10   1.084E-07 
208     0.056   0       0       -100000 0       -70.0   0       4.25    9.8     0       1.127   0.8     7.7     814    0.0   0.0   0.0   0.0   1.006E-10   1.084E-07 
209     0.068   0       0       -100000 0       -70.0   0       3.2     9.8     0       0.971   -1.2    7.6     885    0.0   0.0   0.0   0.0   1.006E-10   1.084E-07 
210     0.048   0       0       -100000 0       -70.1   0       2       9.8     0       1.278   -4.3    8.3     1128    0.0   0.0   0.0   0.0   1.084E-10   1.149E-07 
211     0.064   0       0       -100000 0       -70.1   0       4.1     9.8     0       1.252   -1.1    9.3     1039    0.0   0.0   0.0   0.0   1.084E-10   1.149E-07 
212     0.109   0       0       -100000 0       -70.1   0       2.7     9.8     0       1.019   -0.7    6.1     817    0.0   0.0   0.0   0.0   1.084E-10   1.149E-07 
213     0.219   0       0       -100000 0       -70.1   0       2.4     9.8     0       0.636   -0.8    5.6     279    0.0   0.0   0.0   0.0   1.084E-10   1.149E-07 
214     0.284   0       0       -100000 0       -70.1   0       3.85    9.8     0       0.953   1       6.7     518    0.0   0.0   0.0   0.0   1.084E-10   1.149E-07 
215     0.501   0       0       -100000 0       -70.1   0       3.85    9.8     0       1.241   1.2     6.5     911    0.0   0.0   0.0   0.0   1.084E-10   1.149E-07 
216     0.274   0       0       -100000 0       -70.1   0       3.95    9.8     0       1.123   1.8     6.1     844    0.0   0.0   0.0   0.0   1.084E-10   1.149E-07 
217     0.120   0       0       -100000 0       -70.1   0       3.3     9.8     0       0.67    0.6     6       478    0.0   0.0   0.0   0.0   1.084E-10   1.149E-07 
218     0.088   0       0       -100000 0       -70.1   0       3.6     9.8     0       0.705   -0.5    7.7     418    0.0   0.0   0.0   0.0   1.084E-10   1.149E-07 
219     0.014   0       0       -100000 0       -70.1   0       6.95    9.8     0       1.794   2.7     11.2    932    0.0   0.0   0.0   0.0   1.084E-10   1.149E-07 
220     0.020   0       0       -100000 0       -70.1   0       11.05   9.8     0       2.762   5.4     16.7    1315    0.0   0.0   0.0   0.0   1.084E-10   1.149E-07 
221     0.053   0       0       -100000 0       -70.1   0       6.35    9.8     0       1.248   2.1     10.6    835    0.0   0.0   0.0   0.0   1.084E-10   1.149E-07 
222     0.082   0       0       -100000 0       -70.1   0       4.9     9.8     0       0.788   0       9.8     609    0.0   0.0   0.0   0.0   1.084E-10   1.149E-07 
223     0.041   0       0       -100000 0       -70.1   0       4.7     9.8     0       0.941   1.1     8.3     496    0.0   0.0   0.0   0.0   6.819E-11   1.243E-07 
224     0.048   0       0       -100000 0       -70.1   0       2.2     9.8     0       0.606   -0.7    5.1     333    0.0   0.0   0.0   0.0   6.819E-11   1.243E-07 
225     0.035   0       0       -100000 0       -70.1   0       2.95    9.8     0       1.246   -2.1    8       1077    0.0   0.0   0.0   0.0   6.819E-11   1.243E-07 
226     0.054   0       0       -100000 0       -70.1   0       3.85    9.8     0       0.63    0.8     6.9     291    0.0   0.0   0.0   0.0   6.819E-11   1.243E-07 
227     0.056   0       0       -100000 0       -70.1   0       5.1     9.8     0       0.775   3.4     6.8     256    0.0   0.0   0.0   0.0   6.819E-11   1.243E-07 
228     0.049   0       0       -100000 0       -70.1   0       6.45    9.8     0       1.063   3       9.9     573    0.0   0.0   0.0   0.0   6.819E-11   1.243E-07 
229     0.028   0       0       -100000 0       -70.1   0       9.9     9.8     0       2.399   3.8     16      1344    0.0   0.0   0.0   0.0   6.819E-11   1.243E-07 
230     0.020   0       0       -100000 0       -70.1   0       7.3     9.8     0       2.778   1.5     13.1    1610    0.0   0.0   0.0   0.0   6.819E-11   1.243E-07 
231     0.015   0       0       -100000 0       -70.1   0       5       9.8     0       2.178   -1.7    11.7    1545    0.0   0.0   0.0   0.0   6.819E-11   1.243E-07 
232     0.015   0       0       -100000 0       -70.1   0       4.7     9.8     0       1.953   -3.1    12.5    1208    0.0   0.0   0.0   0.0   6.819E-11   1.243E-07 
233     0.686   0       0       -100000 0       -70.1   0       2.2     9.8     0       0.641   0       4.4     355    0.0   0.0   0.0   0.0   6.819E-11   1.243E-07 
234     0.006   0       0       -100000 0       -70.1   0       0.8     9.8     0       1.744   -2.6    4.2     1630    0.0   0.0   0.0   0.0   6.819E-11   1.243E-07 
235     0.026   0       0       -100000 0       -70.1   0       5       9.8     0       2.065   -0.5    10.5    1525    0.0   0.0   0.0   0.0   6.819E-11   1.243E-07 
236     0.008   0       0       -100000 0       -70.1   0       6       9.8     0       1.297   0.6     11.4    909    0.0   0.0   0.0   0.0   6.819E-11   1.243E-07 
237     0.009   0       0       -100000 0       -70.1   0       8.7     9.8     0       2.209   2.4     15      1473    0.0   0.0   0.0   0.0   4.667E-10   1.298E-07 
238     0.069   0       0       -100000 0       -70.1   0       8.1     9.8     0       0.807   5.2     11      358    0.0   0.0   0.0   0.0   4.667E-10   1.298E-07 
239     0.032   0       0       -100000 0       -70.1   0       7       9.8     0       1.187   3.7     10.3    734    0.0   0.0   0.0   0.0   4.667E-10   1.298E-07 
240     0.017   0       0       -100000 0       -70.1   0       6.85    9.8     0       1.397   4.8     8.9     825    0.0   0.0   0.0   0.0   4.667E-10   1.298E-07 
241     0.561   0       0       -100000 0       -70.1   0       8.95    9.8     0       1.247   5.6     12.3    588    0.0   0.0   0.0   0.0   4.667E-10   1.298E-07 
242     0.970   0       0       -100000 0       -70.1   0       6.6     9.8     0       1.319   3.7     9.5     974    0.0   0.0   0.0   0.0   4.667E-10   1.298E-07 
243     1.010   0       0       -100000 0       -70.1   0       4.8     9.8     0       1.181   0.1     9.5     767    0.0   0.0   0.0   0.0   4.667E-10   1.298E-07 
244     0.529   0       0       -100000 0       -70.1   0       4.1     9.8     0       1.403   1.3     6.9     1289    0.0   0.0   0.0   0.0   4.667E-10   1.298E-07 
245     0.249   0       0       -100000 0       -70.1   0       4.1     9.8     0       1.613   1.4     6.8     1364    0.0   0.0   0.0   0.0   4.667E-10   1.298E-07 
246     0.003   0       0       -100000 0       -70.1   0       4.6     9.8     0       2.089   0.7     8.5     1790    0.0   0.0   0.0   0.0   4.667E-10   1.298E-07 
247     0.019   0       0       -100000 0       -70.1   0       4.45    9.8     0       1.992   0       8.9     1639    0.0   0.0   0.0   0.0   4.667E-10   1.298E-07 
248     0.034   0       0       -100000 0       -70.1   0       4.2     9.8     0       2.352   -0.9    9.3     1768    0.0   0.0   0.0   0.0   4.667E-10   1.298E-07 
249     0.051   0       0       -100000 0       -70.1   0       3.9     9.8     0       1.704   -0.1    7.9     1520    0.0   0.0   0.0   0.0   4.667E-10   1.298E-07 
250     0.033   0       0       -100000 0       -70.1   0       4.5     9.8     0       1.884   -1.3    10.3    1243    0.0   0.0   0.0   0.0   4.667E-10   1.298E-07 
251     0.040   0       0       -100000 0       -70.2   0       7.05    9.8     0       1.173   2.5     11.6    700    0.0   0.0   0.0   0.0   5.477E-11   1.260E-07 
252     0.050   0       0       -100000 0       -70.2   0       6.85    9.8     0       2.03    -0.6    14.3    1588    0.0   0.0   0.0   0.0   5.477E-11   1.260E-07 
253     0.029   0       0       -100000 0       -70.2   0       9.8     9.8     0       2.801   1.7     17.9    1982    0.0   0.0   0.0   0.0   5.477E-11   1.260E-07 
254     0.167   0       0       -100000 0       -70.2   0       12.5    9.8     0       3.449   4       21      1777    0.0   0.0   0.0   0.0   5.477E-11   1.260E-07 
255     0.003   0       0       -100000 0       -70.4   0       9       9.8     0       2.957   5       13      1659    0.0   0.0   0.0   0.0   5.477E-11   1.260E-07 
256     0.053   0       0       -100000 0       -70.6   0       7.1     9.8     0       2.997   2.7     11.5    1343    0.0   0.0   0.0   0.0   5.477E-11   1.260E-07 
257     0.012   0       0       -100000 0       -70.9   0       7.25    9.8     0       2.002   2.4     12.1    1050    0.0   0.0   0.0   0.0   5.477E-11   1.260E-07 
258     0.039   0       0       -100000 0       -71.3   0       15.25   9.8     0       4.07    9.2     21.3    1967    0.0   0.0   0.0   0.0   5.477E-11   1.260E-07 
259     0.024   0       0       -100000 0       -71.7   0       8.3     9.8     0       2.966   4.1     12.5    1956    0.0   0.0   0.0   0.0   5.477E-11   1.260E-07 
260     0.031   0       0       -100000 0       -72.2   0       6.6     9.8     0       2.23    1.1     12.1    1634    0.0   0.0   0.0   0.0   5.477E-11   1.260E-07 
261     0.040   0       0       -100000 0       -72.8   0       5.6     9.8     0       2.109   1       10.2    1585    0.0   0.0   0.0   0.0   5.477E-11   1.260E-07 
262     0.024   0       0       -100000 0       -73.5   0       7.65    9.8     0       2.615   1.5     13.8    1845    0.0   0.0   0.0   0.0   3.232E-11   1.342E-07 
263     0.028   0       0       -100000 0       -74.4   0       9.55    9.8     0       3.32    4.1     15      2289    0.0   0.0   0.0   0.0   3.232E-11   1.342E-07 
264     0.022   0       0       -100000 0       -75.5   0       10.95   9.8     0       4.204   4.3     17.6    2394    0.0   0.0   0.0   0.0   3.232E-11   1.342E-07 
265     0.016   0       0       -100000 0       -76.6   0       8.75    9.8     0       2.18    3.6     13.9    1495    0.0   0.0   0.0   0.0   3.232E-11   1.342E-07 
266     0.009   0       0       -100000 0       -77.7   0       10.45   9.8     0       3.848   3.1     17.8    2355    0.0   0.0   0.0   0.0   3.232E-11   1.342E-07 
267     0.022   0       0       -100000 0       -78.9   0       11.75   9.8     0       3.074   4.5     19      2014    0.0   0.0   0.0   0.0   3.232E-11   1.342E-07 
268     0.021   0       0       -100000 0       -80.3   0       12.7    9.8     0       2.839   4       21.4    1417    0.0   0.0   0.0   0.0   3.232E-11   1.342E-07 
269     0.284   0       0       -100000 0       -81.7   0       13.15   9.8     0       2.099   9.3     17      1434    0.0   0.0   0.0   0.0   3.232E-11   1.342E-07 
270     0.644   0       0       -100000 0       -83.2   0       8.55    9.8     0       0.571   7.2     9.9     283    0.0   0.0   0.0   0.0   3.232E-11   1.342E-07 
271     0.018   0       0       -100000 0       -84.9   0       6.5     9.8     0       1.178   3.2     9.8     706    0.0   0.0   0.0   0.0   3.232E-11   1.342E-07 
272     0.018   0       0       -100000 0       -86.7   0       8.05    9.8     0       3.08    2.4     13.7    2302    0.0   0.0   0.0   0.0   3.232E-11   1.342E-07 
273     0.848   0       0       -100000 0       -88.6   0       10.2    9.8     0       2.384   4.8     15.6    1634    0.0   0.0   0.0   0.0   3.232E-11   1.342E-07 
274     0.131   0       0       -100000 0       -90.6   0       7.95    9.8     0       2.398   3.5     12.4    1915    0.0   0.0   0.0   0.0   3.232E-11   1.342E-07 
275     0.009   0       0       -100000 0       -92.8   0       7.75    9.8     0       2.931   1.4     14.1    2133    0.0   0.0   0.0   0.0   3.232E-11   1.342E-07 
276     0.080   0       0       -100000 0       -95.3   0       9.65    9.8     0       3.758   1.5     17.8    2461    0.0   0.0   0.0   0.0   3.232E-11   1.342E-07 
277     0.572   0       0       -100000 0       -97.9   0       15.7    9.8     0       3.133   10.7    20.7    2066    0.0   0.0   0.0   0.0   3.232E-11   1.342E-07 
278     0.343   0       0       -100000 0       -100.8  0       16.55   9.8     0       1.947   10.7    22.4    1086    0.0   0.0   0.0   0.0   3.232E-11   1.342E-07 
279     0.027   0       0       -100000 0       -103.8  0       13.1    9.8     0       3.617   6.5     19.7    2103    0.0   0.0   0.0   0.0   6.429E-12   1.303E-07 
280     0.262   0       0       -100000 0       -107.2  0       10.9    9.8     0       3.137   6.2     15.6    2027    0.0   0.0   0.0   0.0   6.429E-12   1.303E-07 
281     0.010   0       0       -100000 0       -110.8  0       10.4    9.8     0       2.274   4.6     16.2    1609    0.0   0.0   0.0   0.0   6.429E-12   1.303E-07 
282     0.484   0       0       -100000 0       -114.8  0       14.35   9.8     0       2.449   8.7     20      1429    0.0   0.0   0.0   0.0   6.429E-12   1.303E-07 
283     0.090   0       0       -100000 0       -119.0  0       8.8     9.8     0       1.344   4.4     13.2    769    0.0   0.0   0.0   0.0   6.429E-12   1.303E-07 
284     0.004   0       0       -100000 0       -123.5  0       10.05   9.8     0       3.148   2.1     18      2121    0.0   0.0   0.0   0.0   6.429E-12   1.303E-07 
285     0.949   0       0       -100000 0       -128.2  0       17.1    9.8     0       3.752   8.6     25.6    1806    0.0   0.0   0.0   0.0   6.429E-12   1.303E-07 
286     0.000   0       0       -100000 0       -133.2  0       11.65   9.8     0       3.122   6.9     16.4    2056    0.0   0.0   0.0   0.0   6.429E-12   1.303E-07 
287     0.251   0       0       -100000 0       -138.7  0       9.65    9.8     0       1.837   5.7     13.6    1361    0.0   0.0   0.0   0.0   6.429E-12   1.303E-07 
288     0.016   0       0       -100000 0       -144.6  0       9       9.8     0       2.585   4.6     13.4    2170    0.0   0.0   0.0   0.0   6.429E-12   1.303E-07 
289     0.051   0       0       -100000 0       -151.2  0       8.05    9.8     0       2.038   4       12.1    1380    0.0   0.0   0.0   0.0   6.429E-12   1.303E-07 
290     0.037   0       0       -100000 0       -158.3  0       10.3    9.8     0       2.746   6.2     14.4    1740    0.0   0.0   0.0   0.0   6.429E-12   1.303E-07 
291     0.000   0       0       -100000 0       -166.1  0       11.25   9.8     0       2.557   6.7     15.8    1634    0.0   0.0   0.0   0.0   2.019E-11   1.313E-07 
292     0.000   0       0       -100000 0       -174.5  0       12.7    9.8     0       3.195   7.2     18.2    1939    0.0   0.0   0.0   0.0   2.019E-11   1.313E-07 
293     0.003   0       0       -100000 0       -183.7  0       11.2    9.8     0       2.515   5.2     17.2    1558    0.0   0.0   0.0   0.0   2.019E-11   1.313E-07 
294     0.004   0       0       -100000 0       -193.7  0       10.55   9.8     0       3.269   5.2     15.9    2252    0.0   0.0   0.0   0.0   2.019E-11   1.313E-07 
295     0.008   0       0       -100000 0       -204.6  0       11.15   9.8     0       3.223   3.4     18.9    2115    0.0   0.0   0.0   0.0   2.019E-11   1.313E-07 
296     0.008   0       0       -100000 0       -216.2  0       11.4    9.8     0       1.987   5.5     17.3    1207    0.0   0.0   0.0   0.0   2.019E-11   1.313E-07 
297     0.014   0       0       -100000 0       -228.6  0       11.2    9.8     0       3.675   3.6     18.8    2685    0.0   0.0   0.0   0.0   2.019E-11   1.313E-07 
298     0.001   0       0       -100000 0       -241.9  0       14.3    9.8     0       3.227   7.6     21      1871    0.0   0.0   0.0   0.0   2.019E-11   1.313E-07 
299     0.000   0       0       -100000 0       -255.8  0       11.1    9.8     0       2.836   6.8     15.4    1796    0.0   0.0   0.0   0.0   2.019E-11   1.313E-07 
300     0.008   0       0       -100000 0       -268.5  0       9.8     9.8     0       2.017   5.8     13.8    1245    0.0   0.0   0.0   0.0   2.019E-11   1.313E-07 
301     0.080   0       0       -100000 0       -277.7  0       11.75   9.8     0       3.165   3.8     19.7    1645    0.0   0.0   0.0   0.0   2.019E-11   1.313E-07 
302     0.039   0       0       -100000 0       -290.4  0       11.25   9.8     0       3.2     5.5     17      2136    0.0   0.0   0.0   0.0   2.019E-11   1.313E-07 
303     0.384   0       0       -100000 0       -302.5  0       11.2    9.8     0       2.6     6.7     15.7    1711    0.0   0.0   0.0   0.0   2.019E-11   1.313E-07 
304     0.000   0       0       -100000 0       -314.4  0       12.6    9.8     0       3.641   5.1     20.1    2223    0.0   0.0   0.0   0.0   2.019E-11   1.313E-07 
305     0.076   0       0       -100000 0       -326.4  0       13.25   9.8     0       2.108   9.6     16.9    1139    0.0   0.0   0.0   0.0   2.019E-11   1.313E-07 
306     0.010   0       0       -100000 0       -338.2  0       15.7    9.8     0       4.166   8.2     23.2    2063    0.0   0.0   0.0   0.0   2.019E-11   1.313E-07 
307     0.019   0       0       -100000 0       -349.9  0       14.25   9.8     0       3.276   7.8     20.7    1478    0.0   0.0   0.0   0.0   1.574E-11   1.304E-07 
308     0.006   0       0       -100000 0       -361.0  0       12.6    9.8     0       4.379   6       19.2    3019    0.0   0.0   0.0   0.0   1.574E-11   1.304E-07 
309     0.004   0       0       -100000 0       -368.1  0       15.75   9.8     0       5.265   5.6     25.9    2968    0.0   0.0   0.0   0.0   1.574E-11   1.304E-07 
310     0.000   0       0       -100000 0       -379.7  0       21.1    9.8     0       4.543   12.8    29.4    2206    0.0   0.0   0.0   0.0   1.574E-11   1.304E-07 
311     0.000   0       0       -100000 0       -394.2  0       14.85   9.8     0       4.409   8.6     21.1    2768    0.0   0.0   0.0   0.0   1.574E-11   1.304E-07 
312     0.003   0       0       -100000 0       -406.2  0       12.6    9.8     0       3.849   7.4     17.8    2523    0.0   0.0   0.0   0.0   1.574E-11   1.304E-07 
313     0.009   0       0       -100000 0       -418.3  0       12      9.8     0       3.267   5.5     18.5    2188    0.0   0.0   0.0   0.0   1.574E-11   1.304E-07 
314     0.011   0       0       -100000 0       -426.0  0       13.35   9.8     0       4.031   6.3     20.4    2644    0.0   0.0   0.0   0.0   1.574E-11   1.304E-07 
315     0.009   0       0       -100000 0       -436.8  0       13.85   9.8     0       4.917   4.9     22.8    3045    0.0   0.0   0.0   0.0   1.574E-11   1.304E-07 
316     0.008   0       0       -100000 0       -445.8  0       16.15   9.8     0       3.911   7.7     24.6    2341    0.0   0.0   0.0   0.0   1.574E-11   1.304E-07 
317     0.734   0       0       -100000 0       -456.6  0       19      9.8     0       4.33    9.3     28.7    2184    0.0   0.0   0.0   0.0   1.574E-11   1.304E-07 
318     0.008   0       0       -100000 0       -466.3  0       14.7    9.8     0       1.751   11      18.4    1042    0.0   0.0   0.0   0.0   1.574E-11   1.304E-07 
319     0.000   0       0       -100000 0       -474.1  0       13.65   9.8     0       3.925   9.9     17.4    2594    0.0   0.0   0.0   0.0   1.574E-11   1.304E-07 
320     0.003   0       0       -100000 0       -483.5  0       10.25   9.8     0       2.107   6.4     14.1    1311    0.0   0.0   0.0   0.0   1.574E-11   1.304E-07 
321     0.092   0       0       -100000 0       -494.1  0       13.25   9.8     0       4.2     6.1     20.4    2612    0.0   0.0   0.0   0.0   2.608E-11   1.287E-07 
322     0.177   0       0       -100000 0       -497.0  0       14.7    9.8     0       1.933   10.2    19.2    992    0.0   0.0   0.0   0.0   2.608E-11   1.287E-07 
323     0.007   0       0       -100000 0       -496.7  0       12.85   9.8     0       1.902   9.5     16.2    1070    0.0   0.0   0.0   0.0   2.608E-11   1.287E-07 
324     0.397   0       0       -100000 0       -508.1  0       12.9    9.8     0       2.224   8.4     17.4    1504    0.0   0.0   0.0   0.0   2.608E-11   1.287E-07 
325     0.064   0       0       -100000 0       -516.3  0       13.9    9.8     0       2       10.2    17.6    1384    0.0   0.0   0.0   0.0   2.608E-11   1.287E-07 
326     0.363   0       0       -100000 0       -517.4  0       13.75   9.8     0       2.509   8.5     19      1550    0.0   0.0   0.0   0.0   2.608E-11   1.287E-07 
327     0.281   0       0       -100000 0       -518.8  0       12.2    9.8     0       1.054   10.1    14.3    613    0.0   0.0   0.0   0.0   2.608E-11   1.287E-07 
328     0.006   0       0       -100000 0       -518.8  0       12.6    9.8     0       1.455   10.6    14.6    768    0.0   0.0   0.0   0.0   2.608E-11   1.287E-07 
329     0.134   0       0       -100000 0       -530.7  0       17.2    9.8     0       3.001   12.1    22.3    1759    0.0   0.0   0.0   0.0   2.608E-11   1.287E-07 
330     0.045   0       0       -100000 0       -536.0  0       17.25   9.8     0       1.984   13.1    21.4    1143    0.0   0.0   0.0   0.0   2.608E-11   1.287E-07 
331     0.122   0       0       -100000 0       -542.7  0       18      9.8     0       1.67    13.9    22.1    937    0.0   0.0   0.0   0.0   2.608E-11   1.287E-07 
332     0.004   0       0       -100000 0       -556.6  0       17.1    9.8     0       3.16    12.6    21.6    1941    0.0   0.0   0.0   0.0   2.608E-11   1.287E-07 
333     0.140   0       0       -100000 0       -577.7  0       19.05   9.8     0       3.506   13.1    25      1969    0.0   0.0   0.0   0.0   2.608E-11   1.287E-07 
334     0.006   0       0       -100000 0       -594.9  0       17.25   9.8     0       4.165   10.5    24      2463    0.0   0.0   0.0   0.0   1.428E-11   1.241E-07 
335     0.011   0       0       -100000 0       -615.7  0       17.35   9.8     0       4.731   8.7     26      2816    0.0   0.0   0.0   0.0   1.428E-11   1.241E-07 
336     0.005   0       0       -100000 0       -648.8  0       20.2    9.8     0       5.291   12.7    27.7    2844    0.0   0.0   0.0   0.0   1.428E-11   1.241E-07 
337     0.007   0       0       -100000 0       -680.8  0       22.9    9.8     0       5.416   13.8    32      2636    0.0   0.0   0.0   0.0   1.428E-11   1.241E-07 
338     0.015   0       0       -100000 0       -714.3  0       24.75   9.8     0       5.606   14.4    35.1    2581    0.0   0.0   0.0   0.0   1.428E-11   1.241E-07 
339     0.261   0       0       -100000 0       -740.1  0       27.8    9.8     0       5.44    20.6    35      2508    0.0   0.0   0.0   0.0   1.428E-11   1.241E-07 
340     0.126   0       0       -100000 0       -766.5  0       19      9.8     0       4.597   12.9    25.1    2367    0.0   0.0   0.0   0.0   1.428E-11   1.241E-07 
341     0.211   0       0       -100000 0       -789.8  0       20.65   9.8     0       5.272   10.9    30.4    2640    0.0   0.0   0.0   0.0   1.428E-11   1.241E-07 
342     0.284   0       0       -100000 0       -811.5  0       18.85   9.8     0       3.444   14.3    23.4    1924    0.0   0.0   0.0   0.0   1.428E-11   1.241E-07 
343     0.011   0       0       -100000 0       -828.3  0       15      9.8     0       3.661   11.5    18.5    2016    0.0   0.0   0.0   0.0   1.428E-11   1.241E-07 
344     0.005   0       0       -100000 0       -840.4  0       13.1    9.8     0       3.739   7.4     18.8    1989    0.0   0.0   0.0   0.0   1.428E-11   1.241E-07 
345     0.007   0       0       -100000 0       -847.6  0       14.25   9.8     0       3.996   5.7     22.8    2321    0.0   0.0   0.0   0.0   1.428E-11   1.241E-07 
346     0.181   0       0       -100000 0       -850.0  0       18.3    9.8     0       2.248   10.6    26      1122    0.0   0.0   0.0   0.0   1.428E-11   1.241E-07 
347     1.508   0       0       -100000 0       -850.0  0       18.05   9.8     0       2.148   14.6    21.5    1300    0.0   0.0   0.0   0.0   1.428E-11   1.241E-07 
348     0.008   0       0       -100000 0       -850.0  0       16.95   9.8     0       1.423   14.1    19.8    893    0.0   0.0   0.0   0.0   1.428E-11   1.241E-07 
349     0.004   0       0       -100000 0       -850.0  0       16.95   9.8     0       3.86    11.3    22.6    2174    0.0   0.0   0.0   0.0   3.392E-11   1.266E-07 
350     0.026   0       0       -100000 0       -850.0  0       18.75   9.8     0       3.61    12.6    24.9    2026    0.0   0.0   0.0   0.0   3.392E-11   1.266E-07 
351     0.008   0       0       -100000 0       -850.0  0       20.05   9.8     0       4.145   11.8    28.3    2275    0.0   0.0   0.0   0.0   3.392E-11   1.266E-07 
352     0.007   0       0       -100000 0       -850.0  0       20.2    9.8     0       3.889   14.2    26.2    2016    0.0   0.0   0.0   0.0   3.392E-11   1.266E-07 
353     2.316   0       0       -100000 0       -850.0  0       15.25   9.8     0       1.069   10.1    20.4    561    0.0   0.0   0.0   0.0   3.392E-11   1.266E-07 
354     0.005   0       0       -100000 0       -850.0  0       17.55   9.8     0       3.334   12.6    22.5    2011    0.0   0.0   0.0   0.0   3.392E-11   1.266E-07 
355     0.804   0       0       -100000 0       -850.0  0       20      9.8     0       3.294   13.4    26.6    1836    0.0   0.0   0.0   0.0   3.392E-11   1.266E-07 
356     0.006   0       0       -100000 0       -850.0  0       19.9    9.8     0       3.976   12.2    27.6    1946    0.0   0.0   0.0   0.0   3.392E-11   1.266E-07 
357     0.000   0       0       -100000 0       -850.0  0       17.8    9.8     0       4.182   11.1    24.5    2070    0.0   0.0   0.0   0.0   3.392E-11   1.266E-07 
358     0.000   0       0       -100000 0       -850.0  0       16.95   9.8     0       3.885   9.5     24.4    2226    0.0   0.0   0.0   0.0   3.392E-11   1.266E-07 
359     0.049   0       0       -100000 0       -850.0  0       20.4    9.8     0       4.054   12.9    27.9    1680    0.0   0.0   0.0   0.0   3.392E-11   1.266E-07 
360     0.141   0       0       -100000 0       -850.0  0       14.9    9.8     0       3.341   9.6     20.2    1868    0.0   0.0   0.0   0.0   3.392E-11   1.266E-07 
361     1.567   0       0       -100000 0       -850.0  0       15.3    9.8     0       2.135   9.1     21.5    1135    0.0   0.0   0.0   0.0   3.392E-11   1.266E-07 
362     0.050   0       0       -100000 0       -850.0  0       17.55   9.8     0       2.621   14.4    20.7    1286    0.0   0.0   0.0   0.0   3.229E-11   1.257E-07 
363     0.415   0       0       -100000 0       -850.0  0       15.55   9.8     0       2.944   11.5    19.6    1554    0.0   0.0   0.0   0.0   3.229E-11   1.257E-07 
364     0.088   0       0       -100000 0       -850.0  0       14.4    9.8     0       1.892   11.7    17.1    760    0.0   0.0   0.0   0.0   3.229E-11   1.257E-07 
365     0.004   0       0       -100000 0       -850.0  0       12.8    9.8     0       2.62    7.9     17.7    1308    0.0   0.0   0.0   0.0   3.229E-11   1.257E-07 
366     0.000   0       0       -100000 0       -845.6  0       14.5    9.8     0       3.969   5.7     23.3    2490    0.0   0.0   0.0   0.0   3.229E-11   1.257E-07 
367     0.000   0       0       -100000 0       -801.0  0       19.05   9.8     0       4.832   9       29.1    2500    0.0   0.0   0.0   0.0   3.229E-11   1.257E-07 
368     0.000   0       0       -100000 0       -737.2  0       20.5    9.8     0       4.756   10.9    30.1    2450    0.0   0.0   0.0   0.0   3.229E-11   1.257E-07 
369     0.008   0       0       -100000 0       -685.8  0       23.6    9.8     0       5.561   14      33.2    2250    0.0   0.0   0.0   0.0   3.229E-11   1.257E-07 
370     0.217   0       0       -100000 0       -643.3  0       20.05   9.8     0       2.54    15.2    24.9    1359    0.0   0.0   0.0   0.0   3.229E-11   1.257E-07 
371     0.018   0       0       -100000 0       -607.3  0       22.25   9.8     0       4.588   12.1    32.4    2354    0.0   0.0   0.0   0.0   3.229E-11   1.257E-07 
372     0.000   0       0       -100000 0       -566.2  0       25.2    9.8     0       5.229   14.6    35.8    2136    0.0   0.0   0.0   0.0   3.229E-11   1.257E-07 
373     0.005   0       0       -100000 0       -530.5  0       23.55   9.8     0       3.64    17.9    29.2    1498    0.0   0.0   0.0   0.0   3.229E-11   1.257E-07 
374     0.006   0       0       -100000 0       -500.2  0       17.4    9.8     0       4.676   10.9    23.9    2512    0.0   0.0   0.0   0.0   3.229E-11   1.257E-07 
375     0.003   0       0       -100000 0       -471.7  0       20.1    9.8     0       4.384   10.1    30.1    2253    0.0   0.0   0.0   0.0   3.229E-11   1.257E-07 
376     0.059   0       0       -100000 0       -432.4  0       24.5    9.8     0       4.464   16.6    32.4    2010    0.0   0.0   0.0   0.0   3.229E-11   1.257E-07 
377     0.011   0       0       -100000 0       -444.1  0       21.1    9.8     0       2.94    16.8    25.4    1281    0.0   0.0   0.0   0.0   6.805E-11   1.275E-07 
378     0.052   0       0       -100000 0       -477.5  0       21.2    9.8     0       3.871   16.1    26.3    1799    0.0   0.0   0.0   0.0   6.805E-11   1.275E-07 
379     0.000   0       0       -100000 0       -502.7  0       24.25   9.8     0       5.175   16.7    31.8    2177    0.0   0.0   0.0   0.0   6.805E-11   1.275E-07 
380     0.156   0       0       -100000 0       -507.5  0       25.2    9.8     0       3.647   19.9    30.5    1565    0.0   0.0   0.0   0.0   6.805E-11   1.275E-07 
381     0.045   0       0       -100000 0       -512.3  0       23.45   9.8     0       3.73    18.1    28.8    1902    0.0   0.0   0.0   0.0   6.805E-11   1.275E-07 
382     0.064   0       0       -100000 0       -527.7  0       24.1    9.8     0       4.33    18.5    29.7    1563    0.0   0.0   0.0   0.0   6.805E-11   1.275E-07 
383     0.001   0       0       -100000 0       -510.6  0       20.85   9.8     0       4.677   14.3    27.4    1597    0.0   0.0   0.0   0.0   6.805E-11   1.275E-07 
384     0.007   0       0       -100000 0       -491.7  0       19.35   9.8     0       4.993   12.1    26.6    2282    0.0   0.0   0.0   0.0   6.805E-11   1.275E-07 
385     0.005   0       0       -100000 0       -478.9  0       17      9.8     0       4.522   8.8     25.2    2245    0.0   0.0   0.0   0.0   6.805E-11   1.275E-07 
386     0.004   0       0       -100000 0       -487.0  0       17.7    9.8     0       4.27    9.2     26.2    2119    0.0   0.0   0.0   0.0   6.805E-11   1.275E-07 
387     0.000   0       0       -100000 0       -488.6  0       18.2    9.8     0       4.279   9.9     26.5    2081    0.0   0.0   0.0   0.0   6.805E-11   1.275E-07 
388     0.000   0       0       -100000 0       -491.3  0       19.5    9.8     0       3.807   13.5    25.5    1549    0.0   0.0   0.0   0.0   6.805E-11   1.275E-07 
389     0.132   0       0       -100000 0       -492.9  0       20.25   9.8     0       2.982   14.1    26.4    1434    0.0   0.0   0.0   0.0   6.805E-11   1.275E-07 
390     0.280   0       0       -100000 0       -496.4  0       18.05   9.8     0       2.581   15      21.1    1084    0.0   0.0   0.0   0.0   6.805E-11   1.275E-07 
391     0.006   0       0       -100000 0       -488.8  0       19.4    9.8     0       3.65    12.8    26      1688    0.0   0.0   0.0   0.0   5.637E-11   1.294E-07 
392     0.398   0       0       -100000 0       -483.2  0       21      9.8     0       2.688   16.2    25.8    787    0.0   0.0   0.0   0.0   5.637E-11   1.294E-07 
393     0.818   0       0       -100000 0       -502.0  0       15.4    9.8     0       1.772   11.6    19.2    960    0.0   0.0   0.0   0.0   5.637E-11   1.294E-07 
394     0.029   0       0       -100000 0       -486.3  0       16.65   9.8     0       2.91    9.7     23.6    1694    0.0   0.0   0.0   0.0   5.637E-11   1.294E-07 
395     0.187   0       0       -100000 0       -468.0  0       18      9.8     0       2.134   10.4    25.6    1131    0.0   0.0   0.0   0.0   5.637E-11   1.294E-07 
396     0.017   0       0       -100000 0       -451.7  0       23.5    9.8     0       3.445   15.1    31.9    1724    0.0   0.0   0.0   0.0   5.637E-11   1.294E-07 
397     0.107   0       0       -100000 0       -436.6  0       21.2    9.8     0       3.652   15.4    27      1578    0.0   0.0   0.0   0.0   5.637E-11   1.294E-07 
398     0.019   0       0       -100000 0       -422.2  0       14.75   9.8     0       3.02    9.2     20.3    1638    0.0   0.0   0.0   0.0   5.637E-11   1.294E-07 
399     0.104   0       0       -100000 0       -407.8  0       13.9    9.8     0       1.87    8.4     19.4    1081    0.0   0.0   0.0   0.0   5.637E-11   1.294E-07 
400     0.104   0       0       -100000 0       -406.3  0       13.25   9.8     0       2.508   7.2     19.3    1443    0.0   0.0   0.0   0.0   5.637E-11   1.294E-07 
401     0.356   0       0       -100000 0       -412.1  0       13.95   9.8     0       2.33    10      17.9    1243    0.0   0.0   0.0   0.0   5.637E-11   1.294E-07 
402     1.497   0       0       -100000 0       -412.6  0       13.3    9.8     0       1.818   10.5    16.1    820    0.0   0.0   0.0   0.0   5.637E-11   1.294E-07 
403     0.012   0       0       -100000 0       -408.8  0       12.95   9.8     0       2.614   9.2     16.7    1495    0.0   0.0   0.0   0.0   5.637E-11   1.294E-07 
404     0.022   0       0       -100000 0       -416.4  0       13.55   9.8     0       2.591   8.1     19      1263    0.0   0.0   0.0   0.0   5.637E-11   1.294E-07 
405     0.069   0       0       -100000 0       -427.4  0       12      9.8     0       1.762   6.7     17.3    998    0.0   0.0   0.0   0.0   2.486E-11   1.278E-07 
406     0.109   0       0       -100000 0       -436.2  0       14.15   9.8     0       2.323   8.5     19.8    1377    0.0   0.0   0.0   0.0   2.486E-11   1.278E-07 
407     0.757   0       0       -100000 0       -443.8  0       13.45   9.8     0       1.163   10.4    16.5    591    0.0   0.0   0.0   0.0   2.486E-11   1.278E-07 
408     0.123   0       0       -100000 0       -450.6  0       16.3    9.8     0       2.134   11.2    21.4    1352    0.0   0.0   0.0   0.0   2.486E-11   1.278E-07 
409     0.002   0       0       -100000 0       -456.8  0       17.55   9.8     0       2.029   12.8    22.3    935    0.0   0.0   0.0   0.0   2.486E-11   1.278E-07 
410     0.170   0       0       -100000 0       -462.2  0       18.4    9.8     0       2.409   13.9    22.9    1063    0.0   0.0   0.0   0.0   2.486E-11   1.278E-07 
411     0.804   0       0       -100000 0       -436.7  0       15.2    9.8     0       2.574   10.4    20      1237    0.0   0.0   0.0   0.0   2.486E-11   1.278E-07 
412     0.040   0       0       -100000 0       -410.9  0       14.9    9.8     0       1.736   7.6     22.2    771    0.0   0.0   0.0   0.0   2.486E-11   1.278E-07 
413     0.334   0       0       -100000 0       -398.8  0       18.7    9.8     0       2.915   14.4    23      1133    0.0   0.0   0.0   0.0   2.486E-11   1.278E-07 
414     0.017   0       0       -100000 0       -411.0  0       15      9.8     0       2.677   10.5    19.5    1447    0.0   0.0   0.0   0.0   2.486E-11   1.278E-07 
415     0.071   0       0       -100000 0       -418.3  0       15      9.8     0       2.535   9.2     20.8    1410    0.0   0.0   0.0   0.0   2.486E-11   1.278E-07 
416     1.079   0       0       -100000 0       -422.8  0       12.7    9.8     0       1.617   9.9     15.5    1010    0.0   0.0   0.0   0.0   2.486E-11   1.278E-07 
417     0.030   0       0       -100000 0       -425.7  0       13.1    9.8     0       1.66    10      16.2    924    0.0   0.0   0.0   0.0   2.486E-11   1.278E-07 
418     0.079   0       0       -100000 0       -427.4  0       14.4    9.8     0       1.414   9.9     18.9    486    0.0   0.0   0.0   0.0   2.486E-11   1.278E-07 
419     0.041   0       0       -100000 0       -428.2  0       12.8    9.8     0       1.147   9.7     15.9    607    0.0   0.0   0.0   0.0   4.090E-11   1.291E-07 
420     0.022   0       0       -100000 0       -407.3  0       12.4    9.8     0       2.011   6.6     18.2    1277    0.0   0.0   0.0   0.0   4.090E-11   1.291E-07 
421     0.028   0       0       -100000 0       -411.8  0       12.8    9.8     0       1.456   7.5     18.1    761    0.0   0.0   0.0   0.0   4.090E-11   1.291E-07 
422     0.063   0       0       -100000 0       -420.6  0       12.3    9.8     0       2.415   7.1     17.5    1434    0.0   0.0   0.0   0.0   4.090E-11   1.291E-07 
423     0.072   0       0       -100000 0       -427.2  0       11.8    9.8     0       2.307   6.4     17.2    1473    0.0   0.0   0.0   0.0   4.090E-11   1.291E-07 
424     0.051   0       0       -100000 0       -432.5  0       11.9    9.8     0       2.216   6.1     17.7    1269    0.0   0.0   0.0   0.0   4.090E-11   1.291E-07 
425     0.044   0       0       -100000 0       -436.8  0       11.45   9.8     0       2.043   5.7     17.2    1265    0.0   0.0   0.0   0.0   4.090E-11   1.291E-07 
426     0.046   0       0       -100000 0       -438.7  0       10.8    9.8     0       1.998   5.1     16.5    1394    0.0   0.0   0.0   0.0   4.090E-11   1.291E-07 
427     0.035   0       0       -100000 0       -440.7  0       10.05   9.8     0       2.187   2.8     17.3    1350    0.0   0.0   0.0   0.0   4.090E-11   1.291E-07 
428     0.020   0       0       -100000 0       -430.2  0       11.05   9.8     0       1.818   3.9     18.2    1104    0.0   0.0   0.0   0.0   4.090E-11   1.291E-07 
429     0.028   0       0       -100000 0       -423.6  0       10.9    9.8     0       2.061   1.6     20.2    1273    0.0   0.0   0.0   0.0   4.090E-11   1.291E-07 
430     0.031   0       0       -100000 0       -441.1  0       13.9    9.8     0       2.133   8       19.8    1014    0.0   0.0   0.0   0.0   4.090E-11   1.291E-07 
431     0.038   0       0       -100000 0       -464.2  0       11.7    9.8     0       1.076   7       16.4    675    0.0   0.0   0.0   0.0   4.090E-11   1.291E-07 
432     0.017   0       0       -100000 0       -472.7  0       12.45   9.8     0       1.406   8.3     16.6    606    0.0   0.0   0.0   0.0   6.429E-12   1.303E-07 
433     0.022   0       0       -100000 0       -455.9  0       10.95   9.8     0       1.529   8.7     13.2    375    0.0   0.0   0.0   0.0   6.429E-12   1.303E-07 
434     0.229   0       0       -100000 0       -443.7  0       8.5     9.8     0       0.668   6.5     10.5    222    0.0   0.0   0.0   0.0   6.429E-12   1.303E-07 
435     0.000   0       0       -100000 0       -433.8  0       8.5     9.8     0       1.233   5.7     11.3    471    0.0   0.0   0.0   0.0   6.429E-12   1.303E-07 
436     0.003   0       0       -100000 0       -427.0  0       5.25    9.8     0       1.882   0.2     10.3    1211    0.0   0.0   0.0   0.0   6.429E-12   1.303E-07 
437     0.007   0       0       -100000 0       -420.7  0       4.25    9.8     0       1.732   -2.2    10.7    1193    0.0   0.0   0.0   0.0   6.429E-12   1.303E-07 
438     0.005   0       0       -100000 0       -427.0  0       4.05    9.8     0       1.6     -1.2    9.3     1149    0.0   0.0   0.0   0.0   6.429E-12   1.303E-07 
439     0.051   0       0       -100000 0       -429.6  0       4.15    9.8     0       0.513   3.2     5.1     172    0.0   0.0   0.0   0.0   6.429E-12   1.303E-07 
440     1.070   0       0       -100000 0       -429.4  0       5.8     9.8     0       0.529   4       7.6     195    0.0   0.0   0.0   0.0   6.429E-12   1.303E-07 
441     0.903   0       0       -100000 0       -428.2  0       6       9.8     0       0.317   5.2     6.8     100    0.0   0.0   0.0   0.0   6.429E-12   1.303E-07 
442     1.324   0       0       -100000 0       -427.7  0       7.95    9.8     0       0.37    6.5     9.4     138    0.0   0.0   0.0   0.0   6.429E-12   1.303E-07 
443     0.688   0       0       -100000 0       -445.0  0       9.6     9.8     0       0.458   8.3     10.9    208    0.0   0.0   0.0   0.0   6.429E-12   1.303E-07 
444     0.418   0       0       -100000 0       -459.6  0       8.4     9.8     0       0.568   7.9     8.9     212    0.0   0.0   0.0   0.0   6.429E-12   1.303E-07 
445     0.166   0       0       -100000 0       -472.4  0       9.3     9.8     0       0.371   8.1     10.5    116    0.0   0.0   0.0   0.0   6.429E-12   1.303E-07 
446     0.039   0       0       -100000 0       -484.0  0       9.55    9.8     0       0.616   8.1     11      366    0.0   0.0   0.0   0.0   6.429E-12   1.303E-07 
447     0.039   0       0       -100000 0       -488.0  0       9.5     9.8     0       0.599   8       11      212    0.0   0.0   0.0   0.0   2.089E-11   1.280E-07 
448     0.029   0       0       -100000 0       -459.3  0       9.8     9.8     0       0.756   7.9     11.7    268    0.0   0.0   0.0   0.0   2.089E-11   1.280E-07 
449     0.008   0       0       -100000 0       -432.7  0       10.1    9.8     0       1.402   6.8     13.4    654    0.0   0.0   0.0   0.0   2.089E-11   1.280E-07 
450     0.007   0       0       -100000 0       -410.3  0       8.4     9.8     0       0.886   3.8     13      623    0.0   0.0   0.0   0.0   2.089E-11   1.280E-07 
451     0.002   0       0       -100000 0       -390.3  0       9.2     9.8     0       0.931   5.2     13.2    422    0.0   0.0   0.0   0.0   2.089E-11   1.280E-07 
452     0.012   0       0       -100000 0       -381.1  0       6.6     9.8     0       0.956   1.8     11.4    750    0.0   0.0   0.0   0.0   2.089E-11   1.280E-07 
453     0.013   0       0       -100000 0       -377.5  0       6.15    9.8     0       0.996   0.1     12.2    784    0.0   0.0   0.0   0.0   2.089E-11   1.280E-07 
454     0.007   0       0       -100000 0       -371.0  0       6.35    9.8     0       0.959   2       10.7    697    0.0   0.0   0.0   0.0   2.089E-11   1.280E-07 
455     0.012   0       0       -100000 0       -363.1  0       5.2     9.8     0       0.733   1.1     9.3     639    0.0   0.0   0.0   0.0   2.089E-11   1.280E-07 
456     0.009   0       0       -100000 0       -354.3  0       4.85    9.8     0       0.284   1.9     7.8     129    0.0   0.0   0.0   0.0   2.089E-11   1.280E-07 
457     0.018   0       0       -100000 0       -351.9  0       10.15   9.8     0       0.886   6.8     13.5    602    0.0   0.0   0.0   0.0   2.089E-11   1.280E-07 
458     0.017   0       0       -100000 0       -381.0  0       8.5     9.8     0       0.952   3       14      614    0.0   0.0   0.0   0.0   2.089E-11   1.280E-07 
459     0.041   0       0       -100000 0       -406.7  0       3.8     9.8     0       0.304   0.8     6.8     236    0.0   0.0   0.0   0.0   2.089E-11   1.280E-07 
460     0.030   0       0       -100000 0       -416.7  0       3.65    9.8     0       0.558   -0.9    8.2     570    0.0   0.0   0.0   0.0   2.089E-11   1.280E-07 
461     0.025   0       0       -100000 0       -425.6  0       1.2     9.8     0       0.239   -1.2    3.6     250    0.0   0.0   0.0   0.0   3.053E-11   1.234E-07 
462     0.082   0       0       -100000 0       -435.8  0       5.85    9.8     0       0.299   2.5     9.2     256    0.0   0.0   0.0   0.0   3.053E-11   1.234E-07 
463     0.125   0       0       -100000 0       -446.5  0       8.25    9.8     0       0.348   3.8     12.7    232    0.0   0.0   0.0   0.0   3.053E-11   1.234E-07 
464     0.466   0       0       -100000 0       -456.5  0       13.8    9.8     0       0.658   11.4    16.2    271    0.0   0.0   0.0   0.0   3.053E-11   1.234E-07 
465     0.271   0       0       -100000 0       -462.0  0       11.6    9.8     0       1.691   6.8     16.4    649    0.0   0.0   0.0   0.0   3.053E-11   1.234E-07 
466     0.150   0       0       -100000 0       -457.7  0       11.4    9.8     0       1.357   7.7     15.1    432    0.0   0.0   0.0   0.0   3.053E-11   1.234E-07 
467     0.260   0       0       -100000 0       -458.1  0       12.8    9.8     0       0.9     11.1    14.5    125    0.0   0.0   0.0   0.0   3.053E-11   1.234E-07 
468     0.005   0       0       -100000 0       -460.6  0       13.45   9.8     0       0.996   12.1    14.8    153    0.0   0.0   0.0   0.0   3.053E-11   1.234E-07 
469     0.007   0       0       -100000 0       -464.7  0       9.75    9.8     0       1.229   5.4     14.1    356    0.0   0.0   0.0   0.0   3.053E-11   1.234E-07 
470     0.137   0       0       -100000 0       -472.7  0       9.45    9.8     0       0.85    5.5     13.4    241    0.0   0.0   0.0   0.0   3.053E-11   1.234E-07 
471     0.000   0       0       -100000 0       -448.9  0       7.3     9.8     0       1.287   6       8.6     294    0.0   0.0   0.0   0.0   3.053E-11   1.234E-07 
472     1.154   0       0       -100000 0       -425.0  0       7.25    9.8     0       0.364   6.2     8.3     88    0.0   0.0   0.0   0.0   3.053E-11   1.234E-07 
473     0.490   0       0       -100000 0       -403.4  0       9.1     9.8     0       0.559   6.2     12      148    0.0   0.0   0.0   0.0   3.053E-11   1.234E-07 
474     0.573   0       0       -100000 0       -384.0  0       11.1    9.8     0       0.557   9.8     12.4    84    0.0   0.0   0.0   0.0   3.053E-11   1.234E-07 
475     0.483   0       0       -100000 0       -370.2  0       11.25   9.8     0       1.329   9       13.5    246    0.0   0.0   0.0   0.0   5.497E-11   1.304E-07 
476     0.426   0       0       -100000 0       -366.7  0       10      9.8     0       1.609   7.7     12.3    276    0.0   0.0   0.0   0.0   5.497E-11   1.304E-07 
477     0.154   0       0       -100000 0       -358.9  0       7.35    9.8     0       0.834   5.9     8.8     201    0.0   0.0   0.0   0.0   5.497E-11   1.304E-07 
478     0.009   0       0       -100000 0       -349.3  0       4.6     9.8     0       0.51    3.2     6       162    0.0   0.0   0.0   0.0   5.497E-11   1.304E-07 
479     0.081   0       0       -100000 0       -339.0  0       1.45    9.8     0       0.501   -1.1    4       162    0.0   0.0   0.0   0.0   5.497E-11   1.304E-07 
480     0.290   0       0       -100000 0       -335.9  0       1.35    9.8     0       0.368   -1.1    3.8     214    0.0   0.0   0.0   0.0   5.497E-11   1.304E-07 
481     0.006   0       0       -100000 0       -362.6  0       0.75    9.8     0       0.538   -1      2.5     276    0.0   0.0   0.0   0.0   5.497E-11   1.304E-07 
482     0.094   0       0       -100000 0       -386.2  0       2.1     9.8     0       0.392   0.4     3.8     97    0.0   0.0   0.0   0.0   5.497E-11   1.304E-07 
483     0.006   0       0       -100000 0       -405.6  0       3.55    9.8     0       0.424   1       6.1     195    0.0   0.0   0.0   0.0   5.497E-11   1.304E-07 
484     0.053   0       0       -100000 0       -415.2  0       1.3     9.8     0       0.265   -1.3    3.9     156    0.0   0.0   0.0   0.0   5.497E-11   1.304E-07 
485     0.276   0       0       -100000 0       -420.4  0       0.95    9.8     0       0.361   -1.3    3.2     103    0.0   0.0   0.0   0.0   5.497E-11   1.304E-07 
486     0.472   0       0       -100000 0       -428.0  0       5.55    9.8     0       0.648   1.7     9.4     112    0.0   0.0   0.0   0.0   5.497E-11   1.304E-07 
487     0.928   0       0       -100000 0       -436.5  0       5.1     9.8     0       0.982   2.1     8.1     284    0.0   0.0   0.0   0.0   5.497E-11   1.304E-07 
488     0.047   0       0       -100000 0       -444.8  0       4.65    9.8     0       0.684   2.2     7.1     282    0.0   0.0   0.0   0.0   5.497E-11   1.304E-07 
489     0.350   0       0       -100000 0       -452.7  0       7.4     9.8     0       0.53    4.3     10.5    73    0.0   0.0   0.0   0.0   5.497E-11   1.304E-07 
490     0.010   0       0       -100000 0       -457.6  0       8.05    9.8     0       0.947   5.4     10.7    304    0.0   0.0   0.0   0.0   5.497E-11   1.304E-07 
491     0.065   0       0       -100000 0       -437.3  0       6.9     9.8     0       0.821   4.5     9.3     79    0.0   0.0   0.0   0.0   5.497E-11   1.304E-07 
492     0.000   0       0       -100000 0       -422.6  0       7.35    9.8     0       1.304   6.3     8.4     208    0.0   0.0   0.0   0.0   5.497E-11   1.304E-07 
493     0.000   0       0       -100000 0       -411.0  0       8.1     9.8     0       1.788   6.2     10      255    0.0   0.0   0.0   0.0   5.497E-11   1.304E-07 
494     0.083   0       0       -100000 0       -408.5  0       7.85    9.8     0       0.539   4.6     11.1    137    0.0   0.0   0.0   0.0   5.497E-11   1.304E-07 
495     0.033   0       0       -100000 0       -409.6  0       7.1     9.8     0       0.276   4.7     9.5     157    0.0   0.0   0.0   0.0   5.497E-11   1.304E-07 
496     0.164   0       0       -100000 0       -408.0  0       6.25    9.8     0       0.456   3.6     8.9     122    0.0   0.0   0.0   0.0   2.339E-11   1.287E-07 
497     0.016   0       0       -100000 0       -404.9  0       3.95    9.8     0       0.678   2       5.9     316    0.0   0.0   0.0   0.0   2.339E-11   1.287E-07 
498     0.209   0       0       -100000 0       -401.5  0       4.2     9.8     0       0.575   2.4     6       46    0.0   0.0   0.0   0.0   2.339E-11   1.287E-07 
499     0.018   0       0       -100000 0       -397.8  0       5.05    9.8     0       0.76    3.9     6.2     113    0.0   0.0   0.0   0.0   2.339E-11   1.287E-07 
500     1.142   0       0       -100000 0       -389.3  0       5.25    9.8     0       0.611   1.3     9.2     136    0.0   0.0   0.0   0.0   2.339E-11   1.287E-07 
501     0.028   0       0       -100000 0       -403.2  0       -0.6    9.8     0       0.232   -2.5    1.3     131    0.0   0.0   0.0   0.0   2.339E-11   1.287E-07 
502     0.010   0       0       -100000 0       -413.6  0       2.3     9.8     0       0.19    1.2     3.4     61    0.0   0.0   0.0   0.0   2.339E-11   1.287E-07 
503     0.020   0       0       -100000 0       -421.4  0       3.7     9.8     0       0.285   2.2     5.2     112    0.0   0.0   0.0   0.0   6.429E-12   1.256E-07 
504     0.191   0       0       -100000 0       -426.9  0       8.45    9.8     0       0.47    5.1     11.8    142    0.0   0.0   0.0   0.0   6.429E-12   1.256E-07 
505     0.100   0       0       -100000 0       -430.1  0       10.5    9.8     0       0.756   9       12      114    0.0   0.0   0.0   0.0   6.429E-12   1.256E-07 
506     0.015   0       0       -100000 0       -431.1  0       9.9     9.8     0       0.755   8.4     11.4    138    0.0   0.0   0.0   0.0   6.429E-12   1.256E-07 
507     0.018   0       0       -100000 0       -429.9  0       8.05    9.8     0       0.543   5.3     10.8    145    0.0   0.0   0.0   0.0   6.429E-12   1.256E-07 
508     0.380   0       0       -100000 0       -426.5  0       9.55    9.8     0       0.843   8.7     10.4    105    0.0   0.0   0.0   0.0   6.429E-12   1.256E-07 
509     0.164   0       0       -100000 0       -421.2  0       10.2    9.8     0       1.162   7.4     13      118    0.0   0.0   0.0   0.0   6.429E-12   1.256E-07 
510     0.053   0       0       -100000 0       -421.2  0       9.65    9.8     0       1.581   6.5     12.8    214    0.0   0.0   0.0   0.0   6.429E-12   1.256E-07 
511     0.024   0       0       -100000 0       -419.1  0       6.3     9.8     0       0.662   2.1     10.5    353    0.0   0.0   0.0   0.0   6.429E-12   1.256E-07 
512     0.069   0       0       -100000 0       -411.9  0       8.2     9.8     0       0.978   5.8     10.6    256    0.0   0.0   0.0   0.0   6.429E-12   1.256E-07 
513     0.111   0       0       -100000 0       -403.2  0       10.25   9.8     0       1.295   6.4     14.1    93    0.0   0.0   0.0   0.0   6.429E-12   1.256E-07 
514     0.030   0       0       -100000 0       -393.3  0       11.05   9.8     0       1.062   9.1     13      195    0.0   0.0   0.0   0.0   6.429E-12   1.256E-07 
515     0.006   0       0       -100000 0       -382.5  0       6.6     9.8     0       0.69    3.5     9.7     98    0.0   0.0   0.0   0.0   6.429E-12   1.256E-07 
516     0.000   0       0       -100000 0       -371.3  0       1.8     9.8     0       0.68    -0.5    4.1     212    0.0   0.0   0.0   0.0   6.429E-12   1.256E-07 
517     0.000   0       0       -100000 0       -360.0  0       -0.8    9.8     0       0.735   -2.7    1.1     336    0.0   0.0   0.0   0.0   2.767E-11   1.318E-07 
518     0.058   0       0       -100000 0       -348.9  0       -1.7    9.8     0       0.78    -4.1    0.7     322    0.0   0.0   0.0   0.0   2.767E-11   1.318E-07 
end  
*** END OF INPUT FILE 'ATMOSPH.IN' *************************************                                                                                                                                
